00000000000000444444000011110000000000000000000000000000000000
0000000000000000004444444000001111000000000000000000000000000
000000000000000111100022222222000000000000000
0000000000000000000033333330000000000000000000
00000000000044444400000111100000000000000000000000000000000
00000000000000222222222200000000000000000
000000000000000022222222220000000000000000011111
00000000000000000000444444000033333333330000000111100000000000000000
000000000000000000033333333330000000000000000000000000000000000000000000000
00000000000000044444400000000000000000000000000000000000000000000000000000
000000000000000000000000000000000000000000000000000000000000000000000000000
000000000000444444111000000000111110000000000000000
000000000000000000000000000000000000000000000000000000000000000000000000000
000000000000000000000000000000000000000000001111111000000000000000000000000
000000000000000000000000000000000000000000000000000000000000000000000000000
000000000000000000000000000000000111000000000000000000
000000000000000000000000000000000000000000000000000000000000000000000000000
000000000000000000000000000000000000000000000000000000000000000000000000000
00000000000000000111111000000000000000000000000000000000000000000000000
0000000000000000000000000000000001111110000000000000000000000000000
0000000000000000000000000011111100000000000000000000000000000000000000000000
000000000000000000000000000000000000000000000000000000000000000000000000000
000000000000000000000000000000000001111000000000000000000000000000000000000
00000000000000000000000000000000000000000000000000000000000000000000000
